# autogenerated: Do not edit #
gyro_offset: [0.07931174834560355, -0.055234337591705124, 0.12308921082417268]
acc_offset: [-0.08078267872035472, 0.04780220013856873, -0.17190818001776975]
acc_scaling: [0.9932801530377043, 0.994132283789017, 0.9901086565354816]
