# autogenerated: Do not edit #
gyro_offset: [-0.00011812734986138505, 3.68248813804387e-05, -1.2322156383971805e-05]
acc_offset: [-0.08469955990314482, 0.0551893877804277, -0.17385171530097754]
acc_scaling: [0.9930950698304831, 0.9937506064615539, 0.9916041991211004]
