# autogenerated: Do not edit #
gyro_offset: [-0.03999999999999933, -0.043849999999999424, -0.00017]
acc_offset: [0.5295623046875004, 0.21565539062499983, -0.5688246093750005]
acc_scaling: [0.9564164909409666, 0.9527694414498413, 0.978880196696546]
