# autogenerated: Do not edit #
gyro_offset: [-1.1376666957403359e-05, -0.0002918983826988968, -0.001490738483360019]
acc_offset: [0.0, 0.0, 0.0]
acc_scaling: [1.0, 1.0, 1.0]
